18366760
17237091
20013373
24420968
19425593
22583024
24176773
20201589
21644507
23176520
18707556
21526843
17094243
17646306
18842122
19862751
19492844
23391308
25604327
25412983
25173706
26145158
26055719
25927999
23599424
24980485
24760958
25788625
25931027
27575624
18793413
27498275
27701404
28188537
27786492
28379341
28673088
28559010
31543945
31975601
32335296
32066737
31589052
31953812
31039795
33858848
34153189
33269929
33067435
33067342
32839597
31398922
32576205
31260999
34615866
34904638
35549218
37173725
35906205
35657592
39424290
38965444
38366242
38629965
22375074
23250051
40019346
39881492
40983925
40267229
40268243
41425651
40355727
26071038
30688441
24727770
27476824
28515314
30078747
16457608
31755270
32078799
36688502
37997224
41037468
